Count, Angles, Distances
0, [0.01472622 0.02645265 0.05181446 0.07117671 0.09081166 0.11126474
 0.13062699 0.14998923 0.16962418 0.1908954  0.21053034 0.22989258
 0.24925484 0.26888978 0.28825203 0.30761427 0.32806736 0.34852043
 0.3681554  0.38751763 0.3962443  0.425424   0.44396812 0.45460373
 0.47696576 0.49660072 0.5129632  0.5355979  0.55196035 0.56941366
 0.5890486  0.6103198  0.62968206 0.65313494 0.6716791  0.6921321
 0.7114944  0.73112935 0.74667364 0.7690357  0.7853982  0.8050331
 0.82439536 0.8440303  0.8633926  0.8898452  0.90238976 0.92175204
 0.94820464 0.96865773 0.9801115  1.0095639  1.0289261  1.0474702
 1.0668325  1.0861948  1.1058297  1.1251919  1.1448269  1.16528
 1.1846422  1.194187   1.213822   1.2293663  1.2525464  1.2721814
 1.2877257  1.3111786  1.3305409  1.3460852  1.3657202  1.3850824
 1.4044446  1.4240795  1.4434419  1.4628041  1.482439   1.5058919
 1.5214362  1.5399804  1.5642513  1.5800683  1.5994307  1.6190656
 1.6384279  1.6618807  1.681243   1.69706    1.7202401  1.7398751
 1.7554195  1.7788723  1.7982346  1.8129607  1.8372318  1.8568667
 1.8715929  1.8958639  1.9154989  1.9329522  1.954496   1.9738584
 1.9894027  2.0128555  2.0324905  2.0510347  2.0714877  2.0908499
 2.1104848  2.129847   2.149482   2.171026   2.1903882  2.2100232
 2.2293854  2.2468388  2.2702916  2.2888358  2.3084707  2.327833
 2.347468   2.36683    2.386465   2.408009   2.428462   2.4478242
 2.4674592  2.4887304  2.5072746  2.5269096  2.5454535  2.5648158
 2.5844507  2.604904   2.624539   2.643901   2.6564457  2.6760807
 2.6965337  2.7161686  2.7355309  2.7551658  2.774528   2.794163
 2.8135252  2.8331602  2.8525226  2.8721573  2.8915198  2.9100637
 2.930517   2.9558787  2.9755137  2.994876   3.0076933  3.0270555
 3.055417   3.073143   3.0925052  3.1129584  3.1325934  3.144047
 3.1715906  3.185226   3.2045882  3.227223   3.2465851  3.2610385
 3.2855823  3.3000357  3.3196707  3.3412147  3.3597589  3.3793938
 3.3990288  3.4186637  3.438026   3.457661   3.476205   3.5007486
 3.5214744  3.5408368  3.5596535  3.5792885  3.5997417  3.6193764
 3.6379206  3.6526468  3.6722817  3.6919167  3.7134607  3.7309139
 3.7505488  3.771002   3.7917278  3.8113627  3.830725   3.8514507
 3.8710856  3.8877208  3.910083   3.9297178  3.948262   3.967897
 3.987532   4.0049853  4.02462    4.046437   4.06089    4.0805254
 4.10016    4.1225224  4.13943    4.1590652  4.178427   4.199153
 4.218788   4.23815    4.2577853  4.27742    4.2970552  4.318599
 4.336325   4.3575964  4.377231   4.394957   4.416501   4.434227
 4.4535894  4.473224   4.4928594  4.512494   4.5321293  4.5536733
 4.5711265  4.597579   4.617214   4.636849   4.651575   4.6712103
 4.6905723  4.7102075  4.729842   4.7483864  4.7680216  4.7884746
 4.8122     4.831835   4.8511972  4.870832   4.890467   4.910102
 4.929737   4.949372   4.9687343  4.987551   5.006913   5.027639
 5.047274   5.0628185  5.0824533  5.112724   5.132359   5.1519938
 5.171629   5.1803555  5.1999903  5.234079   5.2389874  5.25835
 5.292711   5.297347   5.313982   5.333617   5.359797   5.379432
 5.398794   5.4143386  5.4339733  5.4604263  5.472971   5.5051503
 5.5266943  5.53133    5.5509653  5.5861444  5.605507   5.6093245
 5.644504   5.6483216  5.6835012  5.703136   5.7066813  5.726316
 5.7604046  5.7808576  5.7846756  5.819037   5.823673   5.843308
 5.8765783  5.882305   5.901667   5.930029   5.948573   5.968208
 5.988661   6.007205   6.0186586  6.046202   6.057656   6.077291
 6.103471   6.123106   6.1356506  6.162103   6.174648   6.19401
 6.213645   6.233007   6.252642   6.274186   0.         0.
 0.         0.         0.         0.         0.         0.
 0.         0.         0.         0.         0.         0.
 0.         0.         0.         0.         0.         0.
 0.         0.         0.         0.         0.         0.
 0.         0.         0.         0.         0.         0.
 0.         0.         0.         0.         0.         0.
 0.         0.         0.         0.         0.         0.
 0.         0.         0.         0.         0.         0.
 0.         0.         0.         0.         0.         0.
 0.         0.         0.         0.         0.         0.        ], [1.394 0.    1.554 1.544 1.538 1.524 1.514 1.508 1.498 1.344 1.334 1.316
 1.314 1.312 1.31  1.334 1.236 1.22  1.212 1.21  0.    1.278 1.308 0.
 1.976 1.946 0.    1.92  0.    3.48  3.488 0.    0.    1.884 1.896 1.878
 1.868 1.758 0.    1.916 0.    0.    0.    0.    0.    1.45  0.    0.
 1.45  1.44  0.    1.232 1.262 1.296 1.33  1.358 1.348 1.322 1.296 1.274
 1.254 0.    0.    4.68  0.    0.    4.68  0.    0.    4.632 4.608 4.576
 4.576 4.568 4.56  4.552 4.56  0.    4.304 4.96  0.    4.44  4.504 4.52
 4.544 0.    0.    4.536 0.    0.    4.728 0.    0.    5.248 0.    0.
 5.248 0.    0.    3.24  0.    0.    4.592 0.    0.    2.736 0.    0.
 0.    0.    0.    2.1   2.116 2.108 2.1   0.    1.86  1.918 1.984 2.02
 1.992 1.96  1.928 1.646 1.634 1.628 1.616 1.432 1.466 1.522 1.57  1.566
 1.54  1.52  1.5   1.496 0.    0.    2.372 2.372 2.36  2.372 2.356 2.34
 2.316 2.308 2.292 2.28  2.272 0.    2.26  1.48  1.478 1.476 0.    0.
 1.342 1.458 1.452 1.438 1.424 0.    1.42  2.2   2.208 1.696 1.698 0.
 1.718 0.    0.    2.136 2.264 2.276 2.284 2.292 2.308 2.324 0.    1.714
 1.586 1.614 1.65  1.65  1.612 1.592 1.728 0.    0.    2.68  2.088 0.
 2.68  2.28  2.212 2.152 2.088 2.036 1.99  0.    2.002 2.036 2.072 2.112
 2.16  0.    0.    2.212 3.644 3.704 3.732 0.    3.624 3.58  3.54  3.508
 3.464 3.42  3.384 3.356 3.336 0.    3.332 0.    0.    3.344 0.    3.376
 3.344 3.3   3.284 3.272 3.252 0.    3.236 1.704 1.698 1.708 0.    2.632
 2.632 2.632 2.636 2.792 2.76  0.    1.812 1.808 1.82  1.826 1.814 1.818
 1.85  1.844 1.888 1.928 1.892 1.858 1.868 0.    0.    1.186 1.184 1.178
 1.186 0.    0.    0.984 0.    0.    0.984 0.    3.72  3.78  1.856 1.794
 1.786 0.    0.    1.458 0.    1.116 1.002 0.    0.    0.966 0.95  0.
 0.948 0.    0.946 0.946 0.    0.    0.988 0.982 0.    1.022 0.    0.
 1.04  0.    0.    1.364 1.374 1.38  1.364 1.374 0.    1.392 0.    0.
 1.452 1.466 0.    1.482 0.    0.    2.704 0.    0.    2.228 0.    0.
 0.    0.    0.    0.    0.    0.    0.    0.    0.    0.    0.    0.
 0.    0.    0.    0.    0.    0.    0.    0.    0.    0.    0.    0.
 0.    0.    0.    0.    0.    0.    0.    0.    0.    0.    0.    0.
 0.    0.    0.    0.    0.    0.    0.    0.    0.    0.    0.    0.
 0.    0.    0.    0.    0.    0.    0.    0.    0.    0.    0.    0.   ]
0, [0.02018037 0.0319068  0.05726862 0.07663086 0.09708394 0.1167189
 0.13608114 0.15571609 0.16826065 0.19662225 0.2162572  0.23561946
 0.25525442 0.27461666 0.28525224 0.31361386 0.33406693 0.35452
 0.37415496 0.3935172  0.41206133 0.4316963  0.44124106 0.46087602
 0.48323804 0.502873   0.51923543 0.5418702  0.55823267 0.5778676
 0.5953209  0.6168648  0.6362271  0.6588618  0.678224   0.6948592
 0.7183121  0.7338564  0.75321865 0.7728536  0.7922159  0.8118508
 0.83148575 0.850848   0.87021023 0.8966629  0.90920746 0.9356601
 0.9552951  0.9757481  0.9981102  1.0166543  1.0360166  1.0545607
 1.0739229  1.0935578  1.1129202  1.132555   1.1530081  1.1723704
 1.1920054  1.2015501  1.2211851  1.247365   1.2601823  1.2795445
 1.2950889  1.3185418  1.337904   1.353721   1.3769011  1.3965361
 1.4120804  1.4317154  1.4510777  1.4707127  1.4938928  1.5135278
 1.529072   1.5476161  1.5718871  1.5874316  1.6108843  1.6302466
 1.6460637  1.6692438  1.6888788  1.7044231  1.727876   1.7472382
 1.7627826  1.7862355  1.8055977  1.8214147  1.8445948  1.8642298
 1.8789561  1.903227   1.9225893  1.9384063  1.9615865  1.9812214
 1.9997655  2.0202186  2.0395808  2.058125   2.078578   2.0979402
 2.1175752  2.1369376  2.1565723  2.1751165  2.1974785  2.2168407
 2.2364757  2.2539291  2.277382   2.295926   2.3152883  2.3349233
 2.3542855  2.3739204  2.3902829  2.415645   2.4352796  2.448915
 2.474277   2.495548   2.5140922  2.5326364  2.5522714  2.5716336
 2.5920866  2.6117215  2.6242661  2.6504462  2.6632633  2.6826255
 2.7030787  2.7227137  2.7423487  2.761711   2.7813458  2.8009808
 2.8206158  2.839978   2.859613   2.879248   2.8988829  2.9171543
 2.93788    2.9632418  2.9828768  3.0025117  3.0150564  3.043418
 3.061962   3.080506   3.1012318  3.1208668  3.1323206  3.1519556
 3.179499   3.1931343  3.2105877  3.2351315  3.2498577  3.2692199
 3.2937636  3.3103988  3.3281248  3.3485777  3.3682127  3.387575
 3.4072099  3.4268448  3.4464798  3.465842   3.4843862  3.5040212
 3.529383   3.549018   3.567562   3.5882878  3.60765    3.6212854
 3.6458292  3.6605554  3.6799176  3.7006435  3.7191875  3.7388225
 3.7592757  3.7789106  3.7993636  3.8189986  3.8386335  3.8590865
 3.8787215  3.8980837  3.9177186  3.9373536  3.9558978  3.9755328
 3.994895   4.01453    4.0319834  4.048891   4.0682535  4.090888
 4.1075234  4.1268854  4.1465206  4.1661553  4.1857905  4.2062435
 4.2258782  4.2452407  4.264876   4.2845106  4.3041453  4.323508
 4.343143   4.3646865  4.384049   4.401775   4.423319   4.441045
 4.4604073  4.480042   4.499677   4.519039   4.5386744  4.560218
 4.5847616  4.604124   4.623759   4.643394   4.6578474  4.6774826
 4.6971173  4.7167525  4.7361145  4.7549314  4.7742934  4.798837
 4.8184724  4.8378344  4.8574696  4.8771043  4.8964667  4.9161015
 4.9357367  4.9553714  4.9739156  4.993278   5.0140038  5.0333657
 5.053001   5.0685453  5.08818    5.105906   5.136995   5.1577206
 5.177083   5.1858096  5.2054443  5.2398057  5.2447143  5.2640767
 5.2984376  5.3033466  5.3199816  5.339617   5.3657966  5.385432
 5.4050665  5.420611   5.4470634  5.4666986  5.479243   5.498878
 5.5329666  5.537875   5.5730543  5.5926895  5.612324   5.6161423
 5.6513214  5.6551394  5.6747746  5.711045   5.7140446  5.7481327
 5.7688584  5.7726765  5.792039   5.8264     5.831309   5.8509436
 5.884214   5.8899407  5.909576   5.9368467  5.9564815  5.968208
 5.9954786  6.015114   6.02684    6.0543838  6.0737457  6.093381
 6.1119246  6.1244693  6.1441045  6.170557   6.1833744  6.2027364
 6.2242804  6.2420063  6.2613688  6.274186   0.         0.
 0.         0.         0.         0.         0.         0.
 0.         0.         0.         0.         0.         0.
 0.         0.         0.         0.         0.         0.
 0.         0.         0.         0.         0.         0.
 0.         0.         0.         0.         0.         0.
 0.         0.         0.         0.         0.         0.
 0.         0.         0.         0.         0.         0.
 0.         0.         0.         0.         0.         0.
 0.         0.         0.         0.         0.         0.
 0.         0.         0.         0.         0.         0.        ], [1.392 0.    1.554 1.542 1.532 1.522 1.51  1.506 0.    1.342 1.326 1.316
 1.312 1.312 0.    1.312 1.23  1.216 1.21  1.218 1.28  1.282 0.    0.
 1.966 1.936 0.    1.914 0.    0.    3.468 0.    0.    1.904 1.898 0.
 1.864 0.    0.    0.    0.    0.    0.    0.    0.    1.448 0.    1.458
 1.448 1.438 1.226 1.242 1.272 1.306 1.342 1.36  1.34  1.312 1.288 1.268
 1.248 0.    0.    1.5   0.    0.    4.616 0.    0.    4.616 0.    0.
 4.584 4.56  4.56  4.56  0.    0.    4.376 4.968 0.    4.464 0.    0.
 4.536 0.    0.    4.512 0.    0.    4.744 0.    0.    4.744 0.    0.
 5.104 0.    0.    4.336 0.    0.    2.74  2.732 0.    2.74  0.    0.
 2.492 0.    0.    2.768 2.112 2.104 2.092 0.    1.884 1.944 2.006 2.014
 1.978 1.948 0.    1.636 1.632 0.    1.626 1.436 1.486 1.546 1.576 1.556
 1.534 1.514 0.    1.492 0.    0.    2.412 2.384 2.36  2.368 2.352 2.328
 2.312 2.3   2.292 2.28  2.264 0.    2.256 1.48  1.478 1.478 0.    1.356
 1.432 1.458 1.446 1.434 0.    0.    1.42  2.202 0.    1.702 0.    0.
 1.704 2.17  0.    2.256 2.264 2.28  2.284 2.296 2.312 2.332 0.    0.
 1.592 1.626 1.654 1.638 1.6   0.    1.734 0.    0.    2.316 0.    0.
 2.316 2.256 2.188 2.124 2.068 2.022 1.978 1.974 2.014 2.046 2.09  2.132
 2.176 2.228 0.    3.6   3.68  0.    3.688 3.652 3.604 3.556 3.528 3.5
 3.44  3.404 3.372 3.348 3.328 3.332 3.272 0.    0.    3.336 0.    3.372
 3.336 3.292 3.288 3.284 3.244 0.    1.708 1.708 1.686 1.728 0.    2.628
 2.632 2.632 0.    2.784 2.744 1.824 1.804 1.812 1.82  1.828 1.8   1.836
 1.856 1.85  1.898 1.928 1.882 1.846 1.876 0.    0.    3.292 1.244 1.178
 1.192 0.    0.    0.984 0.    0.    0.984 0.    3.736 3.804 1.824 1.788
 1.786 0.    1.476 1.45  0.    0.    1.006 0.    0.972 0.96  0.948 0.
 0.946 0.    0.    0.926 0.    1.    0.982 0.    0.    1.022 0.    0.
 1.04  0.    0.    1.384 1.376 0.    1.384 1.372 0.    1.406 1.378 1.444
 1.456 0.    0.    1.47  0.    0.    2.188 0.    0.    2.228 0.    0.
 0.    0.    0.    0.    0.    0.    0.    0.    0.    0.    0.    0.
 0.    0.    0.    0.    0.    0.    0.    0.    0.    0.    0.    0.
 0.    0.    0.    0.    0.    0.    0.    0.    0.    0.    0.    0.
 0.    0.    0.    0.    0.    0.    0.    0.    0.    0.    0.    0.
 0.    0.    0.    0.    0.    0.    0.    0.    0.    0.    0.    0.   ]
0, [0.02045308 0.03217951 0.05754132 0.07717628 0.09762935 0.1169916
 0.13662656 0.1559888  0.16880606 0.19689496 0.2165299  0.23589216
 0.2555271  0.27488935 0.28579766 0.31388655 0.33461234 0.3550654
 0.37442768 0.3940626  0.41260675 0.431969   0.44178647 0.4611487
 0.48378345 0.5031457  0.5197809  0.5421429  0.55877805 0.5781403
 0.5958663  0.6171375  0.63677245 0.6591345  0.67876947 0.6951319
 0.7185848  0.73412913 0.7537641  0.7731263  0.79276127 0.81212354
 0.8317585  0.8511207  0.870483   0.8969356  0.90948015 0.9359328
 0.9552951  0.9757481  0.99838287 1.0166543  1.0362892  1.0548334
 1.0741956  1.0938306  1.1131928  1.132555   1.1530081  1.1726431
 1.1920054  1.2018228  1.2211851  1.2476377  1.2601823  1.2795445
 1.2953615  1.3185418  1.3381766  1.353721   1.3769011  1.3965361
 1.4120804  1.4317154  1.4510777  1.4707127  1.4938928  1.513255
 1.529072   1.5476161  1.5718871  1.5874316  1.6108843  1.6302466
 1.6457909  1.6692438  1.688606   1.7044231  1.7276032  1.7472382
 1.7627826  1.7859627  1.8055977  1.821142   1.8445948  1.863957
 1.8786833  1.9029543  1.9223166  1.9381336  1.9613137  1.9809487
 1.9994929  2.0199459  2.039308   2.0578523  2.0783052  2.0976677
 2.1173027  2.1366649  2.1562998  2.1748438  2.197206   2.2165682
 2.2362032  2.2536564  2.2771091  2.2956533  2.3150156  2.3343778
 2.3540127  2.3733752  2.3900104  2.4153721  2.4347343  2.4483697
 2.4737315  2.4952755  2.5138195  2.532091   2.5517259  2.571088
 2.5915413  2.6111763  2.6237206  2.6501734  2.662718   2.6820803
 2.7025332  2.7221682  2.7418032  2.7611654  2.7808003  2.8004353
 2.8197975  2.8394325  2.8590674  2.8784297  2.8980646  2.9166088
 2.9370618  2.9626963  2.9820588  3.0016935  3.014238   3.0425997
 3.0614166  3.0799608  3.1004138  3.1200488  3.1315024  3.1511374
 3.178681   3.1923163  3.2097695  3.2343132  3.2487667  3.2684016
 3.2929454  3.3095806  3.327034   3.3477597  3.367122   3.386757
 3.4063919  3.425754   3.445389   3.465024   3.4835682  3.5029304
 3.528565   3.5479271  3.5664713  3.587197   3.6065593  3.6201947
 3.6447384  3.6594646  3.6788268  3.6995525  3.7180967  3.737459
 3.7581847  3.7778196  3.7982728  3.817635   3.83727    3.857723
 3.877358   3.8939931  3.9163551  3.93599    3.9545343  3.9741693
 3.9938042  4.0131664  4.0308924  4.047528   4.0698895  4.0895247
 4.1061597  4.125522   4.145157   4.164792   4.184154   4.2048798
 4.224242   4.243877   4.263512   4.2828746  4.3025093  4.322144
 4.3415065  4.3630505  4.382685   4.400139   4.4216824  4.439409
 4.4590435  4.478406   4.4980407  4.517676   4.538947   4.558582
 4.576308   4.6024876  4.622123   4.6417575  4.6562114  4.675846
 4.6954813  4.715116   4.7344785  4.753022   4.7726574  4.797201
 4.816563   4.8361983  4.855833   4.8751955  4.89483    4.9144654
 4.9338274  4.9534626  4.972007   4.9916415  5.012095   5.0317297
 5.0513644  5.066909   5.0862713  5.103997   5.135359   5.155812
 5.1754465  5.184173   5.2038083  5.237897   5.2428055  5.26244
 5.296529   5.3014374  5.318073   5.3377075  5.3641605  5.3835225
 5.4031577  5.4227924  5.4451547  5.4647894  5.477334   5.496969
 5.5310574  5.5359664  5.5711455  5.5907803  5.6104155  5.6142335
 5.6505036  5.6532307  5.6728654  5.7091355  5.7118626  5.746224
 5.766677   5.770495   5.7901297  5.824491   5.8293996  5.848762
 5.8820324  5.888032   5.907394   5.9349375  5.9545727  5.9660263
 5.99357    6.0132046  6.024658   6.0522017  6.071837   6.091199
 6.109743   6.1225605  6.142195   6.1686482  6.1811924  6.2008276
 6.2223716  6.239825   6.25946    6.274186   0.         0.
 0.         0.         0.         0.         0.         0.
 0.         0.         0.         0.         0.         0.
 0.         0.         0.         0.         0.         0.
 0.         0.         0.         0.         0.         0.
 0.         0.         0.         0.         0.         0.
 0.         0.         0.         0.         0.         0.
 0.         0.         0.         0.         0.         0.
 0.         0.         0.         0.         0.         0.
 0.         0.         0.         0.         0.         0.
 0.         0.         0.         0.         0.         0.        ], [1.392 0.    1.554 1.542 1.532 1.522 1.512 1.506 0.    1.344 1.326 1.314
 1.312 1.312 0.    1.312 1.23  1.216 1.21  1.222 1.28  1.282 0.    0.
 1.97  1.936 0.    1.914 0.    0.    3.468 0.    0.    1.898 1.898 0.
 1.86  0.    0.    0.    0.    0.    0.    0.    0.    1.448 0.    1.46
 1.448 1.438 1.226 1.242 1.274 1.306 1.342 1.358 1.338 1.312 1.288 1.268
 1.248 0.    0.    1.5   0.    0.    4.616 0.    0.    4.616 0.    0.
 4.584 4.56  4.56  4.56  0.    0.    4.376 4.968 0.    4.464 0.    0.
 4.528 0.    0.    4.512 0.    0.    4.688 0.    0.    4.704 0.    0.
 5.136 0.    0.    4.344 0.    0.    2.74  2.732 0.    2.74  0.    0.
 2.5   0.    0.    2.768 2.112 2.104 2.096 0.    1.884 1.94  2.006 2.014
 1.98  1.948 0.    1.638 1.632 0.    1.626 1.436 1.484 1.546 1.576 1.556
 1.534 1.514 0.    1.492 0.    0.    2.408 2.388 2.36  2.368 2.352 2.328
 2.312 2.3   2.288 2.28  2.264 0.    2.26  1.48  1.478 1.476 0.    1.354
 1.432 1.458 1.446 1.434 0.    0.    1.42  2.202 0.    1.704 0.    0.
 1.704 2.174 0.    2.256 2.264 2.28  2.284 2.296 2.312 2.332 0.    0.
 1.59  1.624 1.654 1.638 1.6   0.    1.734 0.    0.    2.316 0.    0.
 2.316 2.256 2.192 2.132 2.072 2.024 1.978 0.    2.012 2.046 2.084 2.128
 2.176 2.228 0.    3.596 0.    0.    3.672 3.656 3.612 3.564 3.532 3.504
 3.448 3.408 3.372 3.348 3.328 3.324 3.088 0.    0.    3.372 0.    3.372
 3.372 3.3   3.288 3.264 0.    0.    3.236 1.708 1.688 1.724 0.    2.632
 2.632 2.632 2.664 2.784 2.748 1.83  1.806 1.812 1.82  1.826 1.802 1.836
 1.854 1.846 1.896 1.928 1.882 1.846 1.874 0.    0.    3.296 1.248 1.178
 1.192 0.    0.    0.984 0.    0.    0.984 0.    3.736 3.808 1.824 1.788
 1.786 1.816 1.47  1.45  0.    0.    1.004 0.    0.974 0.96  0.948 0.
 0.944 0.    0.    0.928 0.    1.004 0.982 0.    0.    1.022 0.    0.
 1.04  0.    0.    1.382 1.376 0.    1.382 1.372 0.    1.406 1.376 1.446
 1.456 0.    0.    1.47  0.    0.    2.172 0.    0.    2.228 0.    0.
 0.    0.    0.    0.    0.    0.    0.    0.    0.    0.    0.    0.
 0.    0.    0.    0.    0.    0.    0.    0.    0.    0.    0.    0.
 0.    0.    0.    0.    0.    0.    0.    0.    0.    0.    0.    0.
 0.    0.    0.    0.    0.    0.    0.    0.    0.    0.    0.    0.
 0.    0.    0.    0.    0.    0.    0.    0.    0.    0.    0.    0.   ]
0, [3.2724924e-03 2.2634739e-02 5.0178215e-02 6.7904219e-02 8.7266460e-02
 1.0799225e-01 1.2735449e-01 1.4698945e-01 1.6662440e-01 1.7916895e-01
 2.0753056e-01 2.2689280e-01 2.4625506e-01 2.6561728e-01 2.8525224e-01
 3.0461448e-01 3.2506758e-01 3.4552065e-01 3.6488289e-01 3.7360954e-01
 4.0360740e-01 4.2215151e-01 4.3169630e-01 4.6005788e-01 4.7069347e-01
 4.9305552e-01 5.1241773e-01 5.2905291e-01 5.4841518e-01 5.6505036e-01
 5.8713967e-01 6.0677463e-01 6.2340981e-01 6.4958972e-01 6.6813385e-01
 6.8749613e-01 7.0794916e-01 7.2322083e-01 7.4667364e-01 7.6221800e-01
 7.8158027e-01 8.0094248e-01 8.2057744e-01 8.3993971e-01 8.5930192e-01
 8.7893689e-01 8.9829916e-01 9.2556989e-01 9.4411403e-01 9.5665860e-01
 9.8392934e-01 1.0062914e+00 1.0245628e+00 1.0441978e+00 1.0624691e+00
 1.0821041e+00 1.1014664e+00 1.1208286e+00 1.1404636e+00 1.1606439e+00
 1.1704614e+00 1.1898236e+00 1.2190034e+00 1.2285482e+00 1.2481831e+00
 1.2637274e+00 1.2869077e+00 1.3062699e+00 1.3220869e+00 1.3414491e+00
 1.3608114e+00 1.3801737e+00 1.3998086e+00 1.4191709e+00 1.4385331e+00
 1.4581680e+00 1.4813482e+00 1.4968926e+00 1.5200727e+00 1.5397077e+00
 1.5552520e+00 1.5746143e+00 1.5939765e+00 1.6136115e+00 1.6367916e+00
 1.6561538e+00 1.6719708e+00 1.6913332e+00 1.7145133e+00 1.7300576e+00
 1.7535105e+00 1.7728727e+00 1.7922350e+00 1.8118700e+00 1.8312322e+00
 1.8505944e+00 1.8699566e+00 1.8895916e+00 1.9051360e+00 1.9283161e+00
 1.9476783e+00 1.9634954e+00 1.9866756e+00 2.0060377e+00 2.0245819e+00
 2.0450351e+00 2.0608521e+00 2.0832140e+00 2.1036673e+00 2.1233022e+00
 2.1448460e+00 2.1622994e+00 2.1819344e+00 2.2034781e+00 2.2231131e+00
 2.2405665e+00 2.2640193e+00 2.2828362e+00 2.3021984e+00 2.3218334e+00
 2.3414683e+00 2.3608305e+00 2.3804655e+00 2.3971007e+00 2.4224625e+00
 2.4420974e+00 2.4617324e+00 2.4753678e+00 2.5018203e+00 2.5211825e+00
 2.5397267e+00 2.5593617e+00 2.5789967e+00 2.5994499e+00 2.6190846e+00
 2.6316292e+00 2.6512642e+00 2.6777170e+00 2.6902614e+00 2.7109871e+00
 2.7303495e+00 2.7499845e+00 2.7696195e+00 2.7892544e+00 2.8086166e+00
 2.8282516e+00 2.8478866e+00 2.8672488e+00 2.8868837e+00 2.9065187e+00
 2.9258809e+00 2.9515154e+00 2.9708776e+00 2.9905126e+00 3.0101476e+00
 3.0316916e+00 3.0502355e+00 3.0687797e+00 3.0881419e+00 3.1088676e+00
 3.1282301e+00 3.1478648e+00 3.1595914e+00 3.1811352e+00 3.2007701e+00
 3.2231324e+00 3.2427671e+00 3.2624021e+00 3.2768557e+00 3.2964907e+00
 3.3169436e+00 3.3354878e+00 3.3562136e+00 3.3755758e+00 3.3952107e+00
 3.4148457e+00 3.4344807e+00 3.4538429e+00 3.4734778e+00 3.4969308e+00
 3.5173838e+00 3.5370188e+00 3.5555630e+00 3.5751979e+00 3.5956509e+00
 3.6152859e+00 3.6289213e+00 3.6482835e+00 3.6728272e+00 3.6875534e+00
 3.7071884e+00 3.7287323e+00 3.7461855e+00 3.7666388e+00 3.7873645e+00
 3.8067267e+00 3.8263617e+00 3.8468149e+00 3.8664496e+00 3.8830848e+00
 3.9057195e+00 3.9250820e+00 3.9436259e+00 3.9632609e+00 3.9828959e+00
 4.0003490e+00 4.0221658e+00 4.0396190e+00 4.0592542e+00 4.0758891e+00
 4.0955243e+00 4.1148863e+00 4.1345215e+00 4.1541562e+00 4.1737914e+00
 4.1934261e+00 4.2138791e+00 4.2335143e+00 4.2528763e+00 4.2725115e+00
 4.2921462e+00 4.3117814e+00 4.3330526e+00 4.3526874e+00 4.3704133e+00
 4.3919573e+00 4.4115925e+00 4.4290457e+00 4.4486804e+00 4.4683156e+00
 4.4879503e+00 4.5073128e+00 4.5269480e+00 4.5465827e+00 4.5662174e+00
 4.5926704e+00 4.6120324e+00 4.6267586e+00 4.6463938e+00 4.6709375e+00
 4.6856637e+00 4.7050257e+00 4.7246609e+00 4.7442956e+00 4.7636580e+00
 4.7824750e+00 4.8070188e+00 4.8263807e+00 4.8460159e+00 4.8656507e+00
 4.8852859e+00 4.9046478e+00 4.9242830e+00 4.9439178e+00 4.9635530e+00
 4.9820967e+00 4.9987321e+00 5.0221848e+00 5.0377293e+00 5.0573640e+00
 5.0808172e+00 5.0966339e+00 5.1269045e+00 5.1465397e+00 5.1552663e+00
 5.1749010e+00 5.2051716e+00 5.2138987e+00 5.2335334e+00 5.2678947e+00
 5.2725306e+00 5.2921658e+00 5.3088007e+00 5.3284359e+00 5.3510704e+00
 5.3745232e+00 5.3941584e+00 5.4097028e+00 5.4331555e+00 5.4557900e+00
 5.4683347e+00 5.4996963e+00 5.5076046e+00 5.5416932e+00 5.5624189e+00
 5.5820537e+00 5.6014161e+00 5.6221418e+00 5.6248689e+00 5.6445041e+00
 5.6796832e+00 5.6837740e+00 5.7031360e+00 5.7385879e+00 5.7571321e+00
 5.7775850e+00 5.7972202e+00 5.8010383e+00 5.8204002e+00 5.8547616e+00
 5.8730330e+00 5.8787599e+00 5.9120302e+00 5.9177570e+00 5.9450278e+00
 5.9646626e+00 5.9761167e+00 6.0044780e+00 6.0230222e+00 6.0344758e+00
 6.0541110e+00 6.0802908e+00 6.0999255e+00 6.1192880e+00 6.1386504e+00
 6.1511946e+00 6.1708298e+00 6.1923738e+00 6.2098269e+00 6.2291894e+00
 6.2507329e+00 6.2681866e+00 0.0000000e+00 0.0000000e+00 0.0000000e+00
 0.0000000e+00 0.0000000e+00 0.0000000e+00 0.0000000e+00 0.0000000e+00
 0.0000000e+00 0.0000000e+00 0.0000000e+00 0.0000000e+00 0.0000000e+00
 0.0000000e+00 0.0000000e+00 0.0000000e+00 0.0000000e+00 0.0000000e+00
 0.0000000e+00 0.0000000e+00 0.0000000e+00 0.0000000e+00 0.0000000e+00
 0.0000000e+00 0.0000000e+00 0.0000000e+00 0.0000000e+00 0.0000000e+00
 0.0000000e+00 0.0000000e+00 0.0000000e+00 0.0000000e+00 0.0000000e+00
 0.0000000e+00 0.0000000e+00 0.0000000e+00 0.0000000e+00 0.0000000e+00
 0.0000000e+00 0.0000000e+00 0.0000000e+00 0.0000000e+00 0.0000000e+00
 0.0000000e+00 0.0000000e+00 0.0000000e+00 0.0000000e+00 0.0000000e+00
 0.0000000e+00 0.0000000e+00 0.0000000e+00 0.0000000e+00 0.0000000e+00
 0.0000000e+00 0.0000000e+00 0.0000000e+00 0.0000000e+00 0.0000000e+00
 0.0000000e+00 0.0000000e+00 0.0000000e+00 0.0000000e+00], [0.    0.    1.398 1.548 1.538 1.532 1.516 1.508 1.502 0.    1.34  1.318
 1.314 1.31  1.308 1.326 1.25  1.224 1.212 0.    1.208 1.274 0.    1.304
 0.    1.954 1.926 0.    0.    3.524 0.    0.    3.52  1.888 1.898 1.892
 1.864 0.    1.762 0.    0.    0.    0.    0.    0.    0.    0.    1.444
 1.454 0.    1.444 1.226 1.252 1.288 1.324 1.356 1.354 1.328 1.306 1.28
 0.    0.    1.256 0.    0.    4.68  0.    0.    4.68  4.624 4.616 4.6
 4.576 4.576 4.56  4.56  0.    4.56  0.    0.    4.552 4.464 4.504 4.552
 0.    0.    4.728 4.464 0.    4.728 0.    0.    0.    0.    0.    0.
 0.    0.    4.584 0.    0.    4.584 0.    0.    2.736 0.    4.66  3.032
 0.    0.    2.108 0.    0.    2.108 2.1   0.    1.85  1.91  1.972 2.02
 2.002 1.966 1.932 0.    1.636 1.63  1.622 0.    1.456 1.51  1.564 1.57
 1.546 1.524 1.504 0.    0.    1.49  0.    2.4   2.364 2.348 2.364 2.344
 2.316 2.308 2.296 2.284 2.276 2.26  2.26  1.482 1.48  1.476 1.478 1.342
 1.384 1.456 1.454 1.442 1.428 1.416 0.    2.196 2.204 1.696 1.702 1.712
 0.    0.    2.272 0.    2.26  2.272 2.284 2.288 2.304 2.324 2.342 1.736
 1.586 1.606 1.642 1.656 1.618 1.592 0.    0.    1.712 0.    0.    2.224
 0.    2.296 2.224 2.168 2.104 2.048 1.996 0.    1.996 2.03  2.064 2.104
 2.148 0.    2.204 0.    0.    3.632 3.744 3.7   3.632 3.584 3.556 3.52
 3.48  3.428 3.392 3.364 3.344 3.32  0.    0.    3.376 0.    0.    3.376
 3.348 3.336 3.292 3.28  3.252 3.24  3.24  1.704 1.704 0.    0.    1.698
 2.634 2.632 2.632 0.    0.    2.768 1.812 1.806 1.818 1.824 1.818 1.814
 1.844 1.842 1.874 1.906 0.    1.864 0.    0.    1.858 0.    1.19  1.178
 0.    0.    1.182 0.    0.    0.986 0.    0.    3.704 3.764 0.    1.81
 1.784 0.    1.798 1.464 0.    1.122 0.    1.006 0.974 0.968 0.952 0.942
 0.    0.    0.95  0.    0.    0.982 0.988 0.982 0.982 0.    0.    1.02
 1.044 0.    1.042 0.    1.37  1.38  0.    1.344 1.392 0.    0.    1.476
 1.45  1.462 1.476 0.    2.704 2.172 0.    0.    2.204 0.    0.    0.
 0.    0.    0.    0.    0.    0.    0.    0.    0.    0.    0.    0.
 0.    0.    0.    0.    0.    0.    0.    0.    0.    0.    0.    0.
 0.    0.    0.    0.    0.    0.    0.    0.    0.    0.    0.    0.
 0.    0.    0.    0.    0.    0.    0.    0.    0.    0.    0.    0.
 0.    0.    0.    0.    0.    0.    0.    0.    0.    0.    0.    0.   ]
0, [0.02154391 0.03299763 0.05835945 0.0779944  0.09844748 0.11780973
 0.13717197 0.15680693 0.16935147 0.19771308 0.21707533 0.23643757
 0.25607252 0.27543476 0.28607038 0.31443197 0.33488506 0.35533813
 0.37470037 0.3940626  0.41260675 0.4322417  0.44178647 0.4611487
 0.48378345 0.5031457  0.5195082  0.5421429  0.55850536 0.5778676
 0.59559363 0.6168648  0.6362271  0.6588618  0.678224   0.6945865
 0.71803933 0.7335837  0.75321865 0.7725809  0.79194313 0.8115781
 0.83094037 0.8503026  0.86993754 0.8961175  0.908662   0.9351147
 0.95447695 0.97493    0.99729204 1.0158361  1.0351985  1.0537425
 1.0733775  1.0927397  1.112102   1.131737   1.15219    1.1715523
 1.1909145  1.200732   1.2200942  1.2465469  1.2590914  1.2784537
 1.293998   1.3174509  1.3368131  1.3523575  1.3758103  1.3954452
 1.4109896  1.4303519  1.4499868  1.469349   1.4928019  1.5124369
 1.5279812  1.551434   1.5707964  1.5866134  1.6097935  1.6294285
 1.6449728  1.6684257  1.6877879  1.7036049  1.7267852  1.74642
 1.7619644  1.7854173  1.8047795  1.8205966  1.8437767  1.8634117
 1.878138   1.9024088  1.9217712  1.9375882  1.9607683  1.9804033
 2.0000381  2.0194006  2.0387628  2.0583978  2.07776    2.097395
 2.11703    2.136392   2.1557543  2.1745713  2.1969333  2.2162955
 2.2359304  2.2533836  2.2768366  2.2953806  2.3147428  2.3343778
 2.3540127  2.3733752  2.3900104  2.4153721  2.4347343  2.4483697
 2.4737315  2.4952755  2.5138195  2.5323637  2.5517259  2.5713608
 2.591814   2.6111763  2.6239934  2.6501734  2.6629906  2.6823528
 2.7030787  2.722441   2.742076   2.7614381  2.781073   2.8004353
 2.8200703  2.8394325  2.8590674  2.8784297  2.8980646  2.916336
 2.9370618  2.9624238  2.981786   3.001421   3.0139654  3.0423272
 3.0608711  3.0794153  3.0987775  3.1192305  3.1309571  3.1503193
 3.177863   3.1914983  3.2089515  3.2334952  3.2479486  3.2675836
 3.2921274  3.3068535  3.3262157  3.3469415  3.3665764  3.3859386
 3.4055736  3.4252086  3.4448435  3.4642057  3.48275    3.502385
 3.5277467  3.5473816  3.5659258  3.5866516  3.6060138  3.619922
 3.644193   3.658919   3.678554   3.6990073  3.7175512  3.7371862
 3.7579122  3.7772744  3.798      3.8173623  3.8369973  3.857723
 3.8770852  3.8937204  3.9163551  3.93599    3.9545343  3.9738965
 3.9935315  4.0131664  4.0306196  4.047528   4.06689    4.0895247
 4.1061597  4.125795   4.145157   4.164792   4.184427   4.2048798
 4.224515   4.2441497  4.263512   4.283147   4.302782   4.324326
 4.341779   4.363323   4.382958   4.400684   4.421955   4.439681
 4.4593163  4.478951   4.4983134  4.5179486  4.5375834  4.5591273
 4.5765805  4.603033   4.6226683  4.642303   4.6567564  4.6763916
 4.6960263  4.7156615  4.7352962  4.7538404  4.773203   4.7977467
 4.8173814  4.8370166  4.8563786  4.8760138  4.8956485  4.9152837
 4.9346457  4.954281   4.972825   4.99246    5.0129128  5.032548
 5.0521827  5.067727   5.0873623  5.105088   5.1361766  5.15663
 5.176265   5.1849914  5.204354   5.2387147  5.243351   5.2629857
 5.297347   5.301983   5.3186183  5.338253   5.3644333  5.384068
 5.403703   5.423065   5.4454274  5.465062   5.477607   5.510059
 5.53133    5.536239   5.5714183  5.591053   5.6104155  5.6142335
 5.6505036  5.6532307  5.6728654  5.7091355  5.7118626  5.745951
 5.766677   5.770495   5.789857   5.8242183  5.828854   5.8484893
 5.8817596  5.8874865  5.907121   5.934392   5.954027   5.965481
 5.9930243  6.0134773  6.024113   6.051384   6.0710187  6.090654
 6.1091976  6.1217422  6.1411047  6.1675572  6.180102   6.1997366
 6.2212806  6.238734   6.258369   6.2681866  0.         0.
 0.         0.         0.         0.         0.         0.
 0.         0.         0.         0.         0.         0.
 0.         0.         0.         0.         0.         0.
 0.         0.         0.         0.         0.         0.
 0.         0.         0.         0.         0.         0.
 0.         0.         0.         0.         0.         0.
 0.         0.         0.         0.         0.         0.
 0.         0.         0.         0.         0.         0.
 0.         0.         0.         0.         0.         0.
 0.         0.         0.         0.         0.         0.        ], [1.392 0.    1.554 1.542 1.532 1.522 1.51  1.506 0.    1.342 1.328 1.316
 1.312 1.31  0.    1.312 1.232 1.214 1.21  1.222 1.28  1.282 0.    0.
 1.966 1.936 0.    1.914 0.    0.    3.472 0.    0.    1.898 1.898 0.
 1.864 0.    0.    0.    0.    0.    0.    0.    0.    1.448 0.    1.458
 1.448 1.438 1.226 1.242 1.274 1.308 1.342 1.36  1.336 1.314 1.288 1.268
 1.248 0.    0.    1.5   0.    0.    4.616 0.    0.    4.616 0.    0.
 4.584 4.56  4.56  4.56  0.    0.    4.352 0.    0.    4.504 0.    0.
 4.504 0.    0.    4.504 0.    0.    4.744 0.    0.    4.744 0.    0.
 5.104 0.    0.    4.344 0.    0.    2.732 2.732 0.    2.732 0.    0.
 2.504 0.    0.    2.768 2.112 2.104 2.096 0.    1.882 1.94  2.002 2.014
 1.98  1.95  0.    1.638 1.632 0.    1.626 1.436 1.484 1.546 1.576 1.558
 1.534 1.514 0.    1.492 0.    0.    2.408 2.388 2.36  2.368 2.352 2.332
 2.312 2.304 2.292 2.28  2.264 0.    2.26  1.48  1.478 1.476 0.    1.354
 1.43  1.46  1.448 1.434 0.    0.    1.42  2.202 0.    1.704 0.    0.
 1.704 0.    0.    2.256 2.264 2.28  2.284 2.296 2.312 2.336 0.    0.
 1.59  1.624 1.654 1.638 1.6   0.    1.734 0.    0.    2.32  0.    0.
 2.32  2.26  2.192 2.136 2.072 2.024 1.978 0.    2.012 2.046 2.084 2.128
 2.172 2.224 0.    3.596 3.664 0.    3.788 3.656 3.616 3.564 3.532 3.508
 3.444 3.408 3.376 3.348 3.328 0.    3.32  0.    0.    3.34  0.    3.376
 3.34  3.3   3.288 3.264 3.272 0.    3.236 1.708 1.69  1.722 0.    2.632
 2.632 2.632 2.66  2.788 2.748 1.832 1.804 1.812 1.82  1.828 1.804 1.836
 1.856 1.842 1.896 1.928 1.882 1.844 1.874 0.    0.    3.292 1.244 1.178
 1.192 0.    0.    0.984 0.    0.    0.984 0.    3.732 3.808 1.828 1.79
 1.788 1.816 1.47  1.45  0.    1.104 1.004 0.    0.974 0.962 0.948 0.
 0.944 0.    0.    0.93  0.    1.006 0.982 0.    0.    1.022 0.    0.
 1.04  0.    0.    1.384 1.376 0.    1.384 1.366 0.    1.406 1.376 1.446
 1.456 0.    0.    1.47  0.    0.    2.184 0.    0.    0.    0.    0.
 0.    0.    0.    0.    0.    0.    0.    0.    0.    0.    0.    0.
 0.    0.    0.    0.    0.    0.    0.    0.    0.    0.    0.    0.
 0.    0.    0.    0.    0.    0.    0.    0.    0.    0.    0.    0.
 0.    0.    0.    0.    0.    0.    0.    0.    0.    0.    0.    0.
 0.    0.    0.    0.    0.    0.    0.    0.    0.    0.    0.    0.   ]
0, [0.01799871 0.02972514 0.05508696 0.07472191 0.09517498 0.11453723
 0.13417219 0.15353443 0.16635169 0.1947133  0.21407554 0.2337105
 0.25307274 0.2727077  0.2833433  0.3117049  0.33215797 0.35261106
 0.372246   0.39160824 0.41015238 0.42978734 0.44833145 0.45896706
 0.4816018  0.50096405 0.5175992  0.5399612  0.5565964  0.57595867
 0.5936847  0.61495584 0.6345908  0.65722555 0.6765878  0.69295025
 0.7164031  0.7319475  0.7513097  0.7758534  0.7903069  0.80966914
 0.83394015 0.84866637 0.8680286  0.89448124 0.9070258  0.9332057
 0.9528407  0.97302103 0.98474747 1.0139272  1.0335622  1.0518336
 1.0714686  1.0908308  1.110193   1.1295552  1.1500083  1.1696433
 1.1890055  1.1985503  1.2181853  1.2443652  1.2569097  1.2765447
 1.2920891  1.3152692  1.3346314  1.3504485  1.3698107  1.389173
 1.408808   1.4281702  1.4475324  1.4671674  1.4903475  1.5097098
 1.5252541  1.548707   1.5680692  1.5836136  1.6070664  1.6264287
 1.641973   1.6654259  1.6847881  1.7003325  1.7237854  1.7431476
 1.7586919  1.7821448  1.801507   1.8170514  1.8405043  1.8598665
 1.8792287  1.8988637  1.9182259  1.9356792  1.9531325  1.9765854
 1.9940387  2.0144918  2.0349448  2.054307   2.0736694  2.0933042
 2.1118484  2.1320288  2.1516638  2.1702077  2.19257    2.2119322
 2.2312944  2.2487476  2.2722006  2.2907445  2.310107   2.3294692
 2.3491042  2.3684664  2.3878286  2.4101906  2.4298255  2.4431882
 2.46855    2.490094   2.5086381  2.5280004  2.5465446  2.5661795
 2.5866325  2.6062675  2.618812   2.6452646  2.6578093  2.6774442
 2.69817    2.7175322  2.7371671  2.756802   2.7761643  2.7957993
 2.8154342  2.8347964  2.8544314  2.8740664  2.8937013  2.9119728
 2.9326985  2.9580603  2.9776952  2.9973302  3.0098748  3.0382364
 3.0567806  3.0753248  3.0949597  3.1154127  3.127139   3.146774
 3.1740448  3.187953   3.2073152  3.22995    3.2493122  3.2640383
 3.288582   3.3030355  3.3226705  3.3433964  3.3627586  3.3823936
 3.4020286  3.4213908  3.4410257  3.4606607  3.479205   3.498567
 3.5242016  3.5438366  3.5623806  3.5817428  3.6024687  3.621831
 3.6403751  3.6551013  3.6747363  3.6951892  3.7156425  3.7333684
 3.7538214  3.7734563  3.7939095  3.8135445  3.8331795  3.8536325
 3.8732674  3.8896298  3.9122646  3.9318995  3.9504437  3.9700787
 3.989441   4.0090756  4.0265293  4.0431643  4.0627995  4.085161
 4.1017966  4.124431   4.1410666  4.1607013  4.1800637  4.2007895
 4.2201514  4.2397866  4.2594213  4.278784   4.2984185  4.3199625
 4.3374157  4.3589597  4.378595   4.396321   4.417592   4.435318
 4.4549527  4.474315   4.49395    4.513585   4.53322    4.554491
 4.572217   4.59867    4.618032   4.637667   4.6523933  4.672028
 4.6913905  4.711025   4.7306604  4.7492046  4.7688394  4.7931104
 4.8127456  4.8323803  4.8517427  4.8713775  4.8910127  4.9103746
 4.93001    4.9496446  4.968189   4.987824   5.008277   5.0279117
 5.047274   5.0630913  5.0824533  5.100179   5.131541   5.1519938
 5.171629   5.1803555  5.1999903  5.234079   5.2389874  5.2586226
 5.292711   5.29762    5.3142548  5.33389    5.3603425  5.3797045
 5.3993397  5.414884   5.434519   5.460972   5.473516   5.5059686
 5.527512   5.532421   5.551783   5.5872355  5.6065974  5.6104155
 5.6458673  5.6496854  5.66932    5.7044997  5.7083173  5.7279525
 5.7631316  5.7669497  5.801311   5.820673   5.825582   5.8452168
 5.878487   5.884214   5.903849   5.9322104  5.9507546  5.9703894
 5.990843   6.009387   6.0290217  6.0516562  6.0682917  6.0797453
 6.106198   6.125833   6.1386504  6.165103   6.1776476  6.1972823
 6.2188263  6.2362795  6.2559147  6.281276   0.         0.
 0.         0.         0.         0.         0.         0.
 0.         0.         0.         0.         0.         0.
 0.         0.         0.         0.         0.         0.
 0.         0.         0.         0.         0.         0.
 0.         0.         0.         0.         0.         0.
 0.         0.         0.         0.         0.         0.
 0.         0.         0.         0.         0.         0.
 0.         0.         0.         0.         0.         0.
 0.         0.         0.         0.         0.         0.
 0.         0.         0.         0.         0.         0.        ], [1.394 0.    1.556 1.544 1.532 1.524 1.512 1.508 0.    1.342 1.33  1.316
 1.312 1.31  0.    1.31  1.232 1.216 1.21  1.216 1.274 1.28  1.32  0.
 1.97  1.938 0.    1.916 0.    0.    3.468 0.    0.    1.892 1.898 0.
 1.872 0.    0.    1.728 0.    0.    1.728 0.    0.    1.448 0.    1.46
 1.448 1.438 0.    1.238 1.268 1.302 1.338 1.362 1.34  1.318 1.292 1.27
 1.25  0.    0.    1.496 0.    0.    4.696 0.    0.    4.624 4.648 4.568
 4.576 4.568 4.56  4.56  0.    0.    4.32  0.    0.    4.456 0.    0.
 4.512 0.    0.    4.528 0.    0.    4.728 0.    0.    4.768 0.    0.
 0.    0.    0.    3.456 4.592 0.    3.456 2.736 0.    2.732 0.    0.
 2.756 0.    0.    2.756 2.116 2.108 2.096 0.    1.872 1.932 1.998 2.018
 1.986 1.952 1.916 1.638 1.632 0.    1.626 1.434 1.478 1.534 1.574 1.56
 1.536 1.518 0.    1.494 0.    0.    2.408 2.388 2.34  2.368 2.352 2.332
 2.316 2.304 2.292 2.28  2.268 0.    2.26  1.48  1.478 1.476 0.    1.348
 1.42  1.46  1.45  1.436 0.    0.    1.422 2.202 2.206 1.702 1.7   0.
 1.716 0.    0.    2.284 2.264 2.276 2.284 2.296 2.312 2.328 0.    0.
 1.586 1.62  1.652 1.642 1.606 1.602 1.732 0.    0.    2.332 2.092 2.68
 2.332 2.268 2.2   2.14  2.08  2.03  1.98  0.    2.006 2.042 2.076 2.12
 2.164 2.22  0.    3.584 3.656 0.    3.724 0.    3.62  3.572 3.54  3.512
 3.452 3.412 3.38  3.352 3.328 0.    3.32  0.    0.    3.34  0.    3.376
 3.34  3.304 3.288 3.268 3.244 0.    3.236 1.708 1.692 1.712 0.    2.636
 2.632 2.632 2.632 2.796 2.756 1.838 1.81  1.81  1.82  1.826 1.816 1.828
 1.852 1.838 1.894 1.93  1.89  1.85  1.874 0.    0.    3.288 1.24  1.176
 1.19  0.    0.    0.984 0.    0.    0.984 0.    3.724 3.788 1.84  1.79
 1.788 0.    0.    1.454 0.    1.112 1.004 0.    0.    0.962 0.948 0.
 0.95  0.    0.    0.982 0.    0.    0.982 0.    0.996 1.02  0.    0.
 1.04  0.    0.    1.362 1.374 1.382 1.362 1.372 1.4   1.202 1.376 0.
 1.454 1.466 0.    1.486 0.    0.    2.196 0.    0.    1.556 0.    0.
 0.    0.    0.    0.    0.    0.    0.    0.    0.    0.    0.    0.
 0.    0.    0.    0.    0.    0.    0.    0.    0.    0.    0.    0.
 0.    0.    0.    0.    0.    0.    0.    0.    0.    0.    0.    0.
 0.    0.    0.    0.    0.    0.    0.    0.    0.    0.    0.    0.
 0.    0.    0.    0.    0.    0.    0.    0.    0.    0.    0.    0.   ]
0, [0.01036289 0.02181662 0.04145157 0.06681339 0.08617564 0.10662871
 0.12599096 0.1456259  0.15817046 0.1843504  0.2058943  0.22525656
 0.2446188  0.26425377 0.283616   0.30325097 0.3234313  0.3438844
 0.36351937 0.3828816  0.39160824 0.42078796 0.43033275 0.4499677
 0.4783293  0.49169198 0.5083271  0.5306892  0.54732436 0.5666866
 0.5841399  0.6056838  0.625046   0.6484989  0.66704303 0.68640524
 0.70685834 0.7224027  0.7417649  0.7652178  0.78076214 0.8001244
 0.82439536 0.8391216  0.85848385 0.88493645 0.897481   0.9168433
 0.9432959  0.963749   0.97520274 1.0054733  1.0240175  1.0433797
 1.0619237  1.0812861  1.1009209  1.1202832  1.1396455  1.1600986
 1.1797335  1.1892782  1.2086405  1.2244575  1.2476377  1.2672727
 1.282817   1.3062699  1.3256321  1.3411764  1.3608114  1.3801737
 1.3998086  1.4191709  1.4388058  1.458168   1.4816209  1.5009831
 1.5165275  1.5399804  1.5593426  1.5751597  1.5945219  1.6179748
 1.633519   1.6569719  1.6763343  1.6921513  1.7153314  1.7349664
 1.7505107  1.7736908  1.7933258  1.8126881  1.832323   1.8516853
 1.8664114  1.8906825  1.9103174  1.924771   1.9490418  1.9686768
 1.9842212  2.007674   2.0270362  2.0455804  2.0622156  2.0856686
 2.1042125  2.124393   2.144028   2.165572   2.1830251  2.204569
 2.2239313  2.2435663  2.2648375  2.2833815  2.3027437  2.3223786
 2.341741   2.361376   2.3777385  2.4003732  2.4227352  2.4420974
 2.4617324  2.4753678  2.5015476  2.5211825  2.5397267  2.559089
 2.5784512  2.5989044  2.6185393  2.6379015  2.6507187  2.6700811
 2.690534   2.710169   2.7295313  2.7491663  2.7685285  2.7878907
 2.8075256  2.826888   2.8465228  2.8658853  2.8855202  2.9048824
 2.9245174  2.9498792  2.9692414  2.9886036  3.0082386  3.0207832
 3.0491447  3.0668707  3.086233   3.1069589  3.126321   3.1380475
 3.165591   3.1792264  3.1969523  3.2184963  3.2408583  3.2555845
 3.2801282  3.2945817  3.3142166  3.3349423  3.3543046  3.3739395
 3.3935745  3.4132094  3.4328444  3.4522066  3.4718416  3.4952946
 3.5157475  3.5353825  3.5539267  3.5735617  3.5942874  3.6079228
 3.6332846  3.64692    3.666555   3.68619    3.705552   3.725187
 3.746731   3.7652752  3.786001   3.805636   3.8249981  3.844633
 3.865086   3.8817213  3.904356   3.923991   3.9425352  3.9621701
 3.9815323  3.9992583  4.0188932  4.040437   4.0551634  4.0775256
 4.0941606  4.1137958  4.1334305  4.152793   4.1724277  4.192063
 4.212516   4.2321506  4.2517858  4.2711477  4.290783   4.312327
 4.330053   4.351324   4.370959   4.3886847  4.40832    4.4279547
 4.447317   4.466952   4.486587   4.506222   4.527493   4.545219
 4.564854   4.5913067  4.610669   4.630304   4.64503    4.664665
 4.6843     4.7036624  4.723297   4.7429323  4.7614765  4.7819295
 4.8053823  4.8250175  4.844652   4.8642874  4.883922   4.9032845
 4.9229193  4.9425545  4.9619164  4.9804606  4.9970956  5.020549
 5.0401835  5.059546   5.0750904  5.0928164  5.1241775  5.144631
 5.163993   5.1727195  5.1923547  5.2226253  5.231352   5.2509866
 5.285075   5.2899837  5.306619   5.325981   5.348616   5.372069
 5.3914313  5.411066   5.4266105  5.453063   5.4656076  5.4852424
 5.516604   5.538966   5.559419   5.579054   5.5984163  5.6188693
 5.6374135  5.6415043  5.6608663  5.6971364  5.6998634  5.733134
 5.753587   5.774313   5.793675   5.812219   5.8171277  5.83649
 5.8697605  5.87576    5.895122   5.9283924  5.942028   5.961663
 5.982116   6.001751   6.012387   6.039657   6.051384   6.078655
 6.0971985  6.1168337  6.1293783  6.155831   6.1686482  6.18801
 6.209554   6.2291894  6.2466426  6.265187   0.         0.
 0.         0.         0.         0.         0.         0.
 0.         0.         0.         0.         0.         0.
 0.         0.         0.         0.         0.         0.
 0.         0.         0.         0.         0.         0.
 0.         0.         0.         0.         0.         0.
 0.         0.         0.         0.         0.         0.
 0.         0.         0.         0.         0.         0.
 0.         0.         0.         0.         0.         0.
 0.         0.         0.         0.         0.         0.
 0.         0.         0.         0.         0.         0.        ], [1.398 0.    0.    1.548 1.538 1.532 1.516 1.508 0.    1.502 1.34  1.318
 1.314 1.31  1.308 1.322 1.256 1.224 1.212 1.206 0.    1.276 0.    0.
 1.304 1.954 0.    1.926 0.    0.    3.488 0.    0.    1.888 1.896 1.894
 1.87  0.    0.    1.766 0.    0.    1.718 0.    0.    1.454 0.    0.
 1.454 1.444 0.    1.228 1.252 1.286 1.318 1.354 1.354 1.33  1.306 1.282
 1.258 0.    0.    4.68  0.    0.    4.68  0.    0.    4.624 4.616 4.592
 4.584 4.576 4.56  4.56  0.    0.    4.56  0.    0.    4.464 4.504 0.
 4.552 0.    0.    4.736 0.    0.    4.736 0.    0.    0.    0.    0.
 5.104 0.    0.    5.104 0.    0.    4.584 0.    0.    2.736 4.664 0.
 3.032 0.    0.    2.1   0.    2.108 2.1   2.076 1.85  1.908 1.966 2.02
 2.002 1.968 0.    1.94  1.636 1.63  1.622 0.    1.454 1.506 1.56  1.572
 1.548 1.524 1.506 1.49  0.    0.    2.36  2.408 2.364 2.36  2.364 2.344
 2.32  2.308 2.296 2.284 2.276 2.26  2.26  1.48  1.48  1.476 1.478 0.
 1.342 1.452 1.456 1.442 1.428 0.    1.416 2.198 0.    2.204 1.7   0.
 1.706 0.    0.    2.284 2.26  2.272 2.284 2.288 2.3   2.324 2.344 1.738
 1.59  1.602 1.642 1.656 1.624 0.    1.592 0.    0.    0.    0.    0.
 2.172 2.3   2.232 2.172 2.108 2.052 2.006 0.    2.002 2.024 2.06  2.104
 2.148 0.    0.    2.196 3.62  0.    3.744 3.692 3.64  3.588 3.556 3.524
 3.488 3.428 3.392 3.364 3.344 0.    3.316 0.    0.    3.352 3.384 3.376
 3.352 3.312 3.292 3.28  0.    3.244 3.252 1.704 1.708 1.686 0.    0.
 2.636 2.628 0.    2.632 2.776 0.    1.818 1.806 1.814 1.824 1.822 1.812
 1.842 1.846 1.866 1.906 0.    1.87  1.854 1.878 0.    3.296 1.248 1.178
 1.182 0.    0.    1.202 0.    0.    0.986 0.    3.704 3.76  0.    1.814
 1.782 1.794 0.    1.468 0.    0.    1.122 1.01  0.974 0.97  0.956 0.944
 0.952 0.    0.    0.934 0.    1.046 0.988 0.982 0.982 1.016 0.    0.
 1.04  0.    0.    1.04  1.37  1.38  1.364 1.356 0.    1.388 0.    1.4
 1.45  1.458 0.    1.476 0.    0.    2.188 2.212 0.    3.064 0.    0.
 0.    0.    0.    0.    0.    0.    0.    0.    0.    0.    0.    0.
 0.    0.    0.    0.    0.    0.    0.    0.    0.    0.    0.    0.
 0.    0.    0.    0.    0.    0.    0.    0.    0.    0.    0.    0.
 0.    0.    0.    0.    0.    0.    0.    0.    0.    0.    0.    0.
 0.    0.    0.    0.    0.    0.    0.    0.    0.    0.    0.    0.   ]
